1.000000000000000000e+00
2.764056273841857703e+00
4.528112547683715405e+00
6.292168821525573108e+00
8.056225095367430811e+00
9.820281369209288513e+00
1.158433764305114622e+01
1.334839391689300392e+01
1.511245019073486162e+01
1.687650646457672110e+01
1.864056273841857703e+01
2.040461901226043295e+01
2.216867528610229243e+01
2.393273155994415191e+01
2.569678783378600784e+01
2.746084410762786376e+01
2.922490038146972324e+01
3.098895665531158272e+01
3.275301292915344220e+01
3.451706920299529457e+01
3.628112547683715405e+01
3.804518175067901353e+01
3.980923802452086591e+01
4.157329429836272539e+01
4.333735057220458486e+01
4.510140684604644434e+01
4.686546311988830382e+01
4.862951939373015620e+01
5.039357566757201567e+01
5.215763194141387515e+01
5.392168821525572753e+01
5.568574448909758701e+01
5.744980076293944649e+01
