1.000000000000000000e+00
3.178083430574945467e+00
5.356166861149890934e+00
7.534250291724836401e+00
9.712333722299781869e+00
1.189041715287472734e+01
1.406850058344967280e+01
1.624658401402462005e+01
1.842466744459956374e+01
2.060275087517450743e+01
2.278083430574945467e+01
2.495891773632440191e+01
2.713700116689934561e+01
2.931508459747428930e+01
3.149316802804923654e+01
3.367125145862418378e+01
3.584933488919912747e+01
3.802741831977407116e+01
4.020550175034901486e+01
4.238358518092396565e+01
4.456166861149890934e+01
4.673975204207385303e+01
4.891783547264880383e+01
5.109591890322374752e+01
5.327400233379869121e+01
5.545208576437363490e+01
5.763016919494857859e+01
5.980825262552352939e+01
6.198633605609847308e+01
6.416441948667340966e+01
6.634250291724836757e+01
6.852058634782331126e+01
7.069866977839825495e+01
